Page Size: 4096
Num Frames: 4
type	virt-page	evicted-virt-page	write-back	phy-addr
1		1		-1		0		0x0004
0		2		-1		0		0x1008
1		3		-1		0		0x200c
0		4		-1		0		0x3010
1		5		3432		-2004842336		0x3004
0		6		3432		-2004842336		0x3008
0		7		3432		-2004842336		0x300c
0		8		3432		-2004842336		0x3010
2		2		-1		0		0x1008
2		6		3432		-2004842336		0x3008
2		7		3432		-2004842336		0x300c
2		8		3432		-2004842336		0x3010
0		10		3432		-2004842336		0x3004
0		11		3432		-2004842336		0x3008
1		12		3432		-2004842336		0x300c
0		13		3432		-2004842336		0x3010
0		9		3432		-2004842336		0x3014
